1.5
1.0
0.9793375
0.9776046875
0.9774484375
0.977459375
0.9774234375
0.9774515625
0.977459375
0.9774671875
0.977459375
0.9774515625
0.9774234375
0.977459375
0.9774484375
0.9776046875
0.9793375

1.7222222222222223
1.0
0.9539265625
0.948303125
0.94759375
0.9474640625
0.9474625
0.9474109375
0.94738125
0.9473640625
0.94738125
0.9474109375
0.9474625
0.9474640625
0.94759375
0.948303125
0.9539265625

1.9444444444444444
1.0
0.91055625
0.894584375
0.8910328125
0.88999375
0.8897984375
0.8896671875
0.8896265625
0.8894375
0.8896265625
0.8896671875
0.8897984375
0.88999375
0.8910328125
0.894584375
0.91055625

2.1666666666666665
1.0
0.8445
0.80673125
0.7947984375
0.790421875
0.788715625
0.787921875
0.7877125
0.78745
0.7877125
0.787921875
0.788715625
0.790421875
0.7947984375
0.80673125
0.8445

2.388888888888889
1.0
0.747
0.669075
0.6370484375
0.621165625
0.6126921875
0.6085015625
0.606253125
0.605334375
0.606253125
0.6085015625
0.6126921875
0.621165625
0.6370484375
0.669075
0.747

2.611111111111111
1.0
0.644240625
0.52186875
0.466184375
0.43695
0.4203953125
0.410540625
0.4055765625
0.4043703125
0.4055765625
0.410540625
0.4203953125
0.43695
0.466184375
0.52186875
0.644240625

2.833333333333333
1.0
0.5605640625
0.4064421875
0.3386078125
0.3032171875
0.2842671875
0.272984375
0.268325
0.26675
0.268325
0.272984375
0.2842671875
0.3032171875
0.3386078125
0.4064421875
0.5605640625

3.0555555555555554
1.0
0.4985515625
0.3282875
0.2560375
0.22205625
0.2043765625
0.195440625
0.1905875
0.1888859375
0.1905875
0.195440625
0.2043765625
0.22205625
0.2560375
0.3282875
0.4985515625

3.2777777777777777
1.0
0.4534390625
0.27690625
0.2081671875
0.1781265625
0.16325625
0.155990625
0.152775
0.15236875
0.152775
0.155990625
0.16325625
0.1781265625
0.2081671875
0.27690625
0.4534390625

3.5
1.0
0.4180296875
0.2415140625
0.1772796875
0.149571875
0.1381328125
0.1333046875
0.130746875
0.128715625
0.130746875
0.1333046875
0.1381328125
0.149571875
0.1772796875
0.2415140625
0.4180296875


1.5
1.0
0.97730078125
0.975421484375
0.975257421875
0.97523984375
0.97521796875
0.97522265625
0.97523515625
0.975233203125
0.97521796875
0.97524609375
0.975220703125
0.97524296875
0.9752328125
0.975224609375
0.975219921875
0.975221875
0.975219921875
0.975224609375
0.9752328125
0.97524296875
0.975220703125
0.97524609375
0.97521796875
0.975233203125
0.97523515625
0.97522265625
0.97521796875
0.97523984375
0.975257421875
0.975421484375
0.97730078125

1.7222222222222223
1.0
0.94946015625
0.942837109375
0.941786328125
0.941599609375
0.94153984375
0.941546875
0.941519921875
0.941500390625
0.94153125
0.941528515625
0.9414984375
0.94153203125
0.941509765625
0.941537890625
0.941507421875
0.941524609375
0.941507421875
0.941537890625
0.941509765625
0.94153203125
0.9414984375
0.941528515625
0.94153125
0.941500390625
0.941519921875
0.941546875
0.94153984375
0.941599609375
0.941786328125
0.942837109375
0.94946015625

1.9444444444444444
1.0
0.90188671875
0.883145703125
0.878514453125
0.877161328125
0.876660546875
0.8764578125
0.876433203125
0.876423046875
0.87643828125
0.87638515625
0.8764640625
0.876403125
0.87642734375
0.876403125
0.876387890625
0.8763390625
0.876387890625
0.876403125
0.87642734375
0.876403125
0.8764640625
0.87638515625
0.87643828125
0.876423046875
0.876433203125
0.8764578125
0.876660546875
0.877161328125
0.878514453125
0.883145703125
0.90188671875

2.1666666666666665
1.0
0.821134765625
0.77210859375
0.754438671875
0.746443359375
0.74237109375
0.74016484375
0.738675390625
0.73790859375
0.7374546875
0.737030078125
0.7368
0.7367765625
0.7367953125
0.7367078125
0.7365515625
0.736548046875
0.7365515625
0.7367078125
0.7367953125
0.7367765625
0.7368
0.737030078125
0.7374546875
0.73790859375
0.738675390625
0.74016484375
0.74237109375
0.746443359375
0.754438671875
0.77210859375
0.821134765625

2.388888888888889
1.0
0.69086484375
0.578227734375
0.523603515625
0.491476953125
0.470133984375
0.4552484375
0.44414921875
0.436040234375
0.43012734375
0.425321875
0.421790625
0.418623046875
0.41653828125
0.414909765625
0.41420859375
0.413584375
0.41420859375
0.414909765625
0.41653828125
0.418623046875
0.421790625
0.425321875
0.43012734375
0.436040234375
0.44414921875
0.4552484375
0.470133984375
0.491476953125
0.523603515625
0.578227734375
0.69086484375

2.611111111111111
1.0
0.574157421875
0.40878046875
0.32620625
0.27779296875
0.246444140625
0.22533203125
0.210348828125
0.1989078125
0.190655859375
0.18475546875
0.1801625
0.177125
0.17497265625
0.173159375
0.17260625
0.1722640625
0.17260625
0.173159375
0.17497265625
0.177125
0.1801625
0.18475546875
0.190655859375
0.1989078125
0.210348828125
0.22533203125
0.246444140625
0.27779296875
0.32620625
0.40878046875
0.574157421875

2.833333333333333
1.0
0.499948828125
0.313569921875
0.227220703125
0.180376953125
0.152709375
0.135746875
0.124021875
0.116398828125
0.111592578125
0.10845859375
0.10698125
0.105766015625
0.105154296875
0.1043328125
0.1042984375
0.103563671875
0.1042984375
0.1043328125
0.105154296875
0.105766015625
0.10698125
0.10845859375
0.111592578125
0.116398828125
0.124021875
0.135746875
0.152709375
0.180376953125
0.227220703125
0.313569921875
0.499948828125

3.0555555555555554
1.0
0.4472015625
0.25321484375
0.170007421875
0.12933203125
0.107698046875
0.09506484375
0.088323046875
0.084720703125
0.08217734375
0.080666015625
0.079730859375
0.07896796875
0.078503515625
0.07859140625
0.078088671875
0.07763046875
0.078088671875
0.07859140625
0.078503515625
0.07896796875
0.079730859375
0.080666015625
0.08217734375
0.084720703125
0.088323046875
0.09506484375
0.107698046875
0.12933203125
0.170007421875
0.25321484375
0.4472015625

3.2777777777777777
1.0
0.405140625
0.20928671875
0.132853125
0.098265625
0.081580859375
0.073964453125
0.06987890625
0.067338671875
0.06568125
0.064732421875
0.064657421875
0.0646671875
0.06443125
0.06452109375
0.06488671875
0.064715625
0.06488671875
0.06452109375
0.06443125
0.0646671875
0.064657421875
0.064732421875
0.06568125
0.067338671875
0.06987890625
0.073964453125
0.081580859375
0.098265625
0.132853125
0.20928671875
0.405140625

3.5
1.0
0.3718421875
0.178848828125
0.108658984375
0.079977734375
0.067723046875
0.06243046875
0.06011484375
0.0580359375
0.057133203125
0.056805078125
0.05706796875
0.056884765625
0.057096875
0.05690078125
0.056879296875
0.056366015625
0.056879296875
0.05690078125
0.057096875
0.056884765625
0.05706796875
0.056805078125
0.057133203125
0.0580359375
0.06011484375
0.06243046875
0.067723046875
0.079977734375
0.108658984375
0.178848828125
0.3718421875


1.5
1.0
0.976452734375
0.974423046875
0.9742197265625
0.9742064453125
0.97420595703125
0.97420458984375
0.97420283203125
0.97421279296875
0.97421240234375
0.97420859375
0.97420185546875
0.9742
0.9742041015625
0.97420693359375
0.97420498046875
0.974209375
0.974208203125
0.9742109375
0.97420029296875
0.97419921875
0.974205859375
0.97420078125
0.9742107421875
0.9742109375
0.97421123046875
0.974206640625
0.97421162109375
0.9742109375
0.9742078125
0.9742046875
0.97420439453125
0.9742091796875
0.97420439453125
0.9742046875
0.9742078125
0.9742109375
0.97421162109375
0.974206640625
0.97421123046875
0.9742109375
0.9742107421875
0.97420078125
0.974205859375
0.97419921875
0.97420029296875
0.9742109375
0.974208203125
0.974209375
0.97420498046875
0.97420693359375
0.9742041015625
0.9742
0.97420185546875
0.97420859375
0.97421240234375
0.97421279296875
0.97420283203125
0.97420458984375
0.97420595703125
0.9742064453125
0.9742197265625
0.974423046875
0.976452734375

1.7222222222222223
1.0
0.94739150390625
0.94039130859375
0.93925634765625
0.93900810546875
0.9389537109375
0.938965234375
0.9389736328125
0.93896240234375
0.9389654296875
0.93897587890625
0.93897998046875
0.93897529296875
0.93898154296875
0.93896015625
0.93897607421875
0.93896455078125
0.93894990234375
0.938940625
0.9389662109375
0.93896806640625
0.9389681640625
0.93895849609375
0.93894189453125
0.9389509765625
0.93895146484375
0.93895283203125
0.93895908203125
0.93897177734375
0.93894638671875
0.93896728515625
0.93895830078125
0.93897333984375
0.93895830078125
0.93896728515625
0.93894638671875
0.93897177734375
0.93895908203125
0.93895283203125
0.93895146484375
0.9389509765625
0.93894189453125
0.93895849609375
0.9389681640625
0.93896806640625
0.9389662109375
0.938940625
0.93894990234375
0.93896455078125
0.93897607421875
0.93896015625
0.93898154296875
0.93897529296875
0.93897998046875
0.93897587890625
0.9389654296875
0.93896240234375
0.9389736328125
0.938965234375
0.9389537109375
0.93900810546875
0.93925634765625
0.94039130859375
0.94739150390625

1.9444444444444444
1.0
0.896473828125
0.875920703125
0.87072666015625
0.86914951171875
0.86861328125
0.86836298828125
0.868285546875
0.8682583984375
0.8682501953125
0.8682607421875
0.86820615234375
0.86823701171875
0.868240234375
0.86824638671875
0.8682580078125
0.86826708984375
0.86827255859375
0.8682421875
0.8682611328125
0.86823740234375
0.86824775390625
0.8682533203125
0.868241015625
0.868240234375
0.8682595703125
0.86826826171875
0.868223828125
0.868209375
0.86822578125
0.86823349609375
0.86824892578125
0.86825888671875
0.86824892578125
0.86823349609375
0.86822578125
0.868209375
0.868223828125
0.86826826171875
0.8682595703125
0.868240234375
0.868241015625
0.8682533203125
0.86824775390625
0.86823740234375
0.8682611328125
0.8682421875
0.86827255859375
0.86826708984375
0.8682580078125
0.86824638671875
0.868240234375
0.86823701171875
0.86820615234375
0.8682607421875
0.8682501953125
0.8682583984375
0.868285546875
0.86836298828125
0.86861328125
0.86914951171875
0.87072666015625
0.875920703125
0.896473828125

2.1666666666666665
1.0
0.80885712890625
0.75403720703125
0.73303896484375
0.7231548828125
0.71791181640625
0.7148365234375
0.71299794921875
0.71178955078125
0.710941796875
0.7103875
0.71007099609375
0.70986103515625
0.70969599609375
0.709581640625
0.7095302734375
0.709451953125
0.70938955078125
0.70933193359375
0.7093337890625
0.70927890625
0.70925205078125
0.70911259765625
0.709068359375
0.70907822265625
0.70905361328125
0.709096875
0.70912353515625
0.70916962890625
0.70918076171875
0.709136328125
0.70917236328125
0.70903994140625
0.70917236328125
0.709136328125
0.70918076171875
0.70916962890625
0.70912353515625
0.709096875
0.70905361328125
0.70907822265625
0.709068359375
0.70911259765625
0.70925205078125
0.70927890625
0.7093337890625
0.70933193359375
0.70938955078125
0.709451953125
0.7095302734375
0.709581640625
0.70969599609375
0.70986103515625
0.71007099609375
0.7103875
0.710941796875
0.71178955078125
0.71299794921875
0.7148365234375
0.71791181640625
0.7231548828125
0.73303896484375
0.75403720703125
0.80885712890625

2.388888888888889
1.0
0.65127919921875
0.512217578125
0.438187890625
0.39092119140625
0.3574123046875
0.332215625
0.3124251953125
0.29639150390625
0.2832751953125
0.272253515625
0.2629869140625
0.255065234375
0.24811435546875
0.2421654296875
0.23724375
0.2329978515625
0.22918564453125
0.225907421875
0.22302822265625
0.2203056640625
0.21809599609375
0.21606328125
0.2143173828125
0.21316318359375
0.2121330078125
0.211061328125
0.210341015625
0.20960546875
0.20918310546875
0.20874736328125
0.20858291015625
0.20864013671875
0.20858291015625
0.20874736328125
0.20918310546875
0.20960546875
0.210341015625
0.211061328125
0.2121330078125
0.21316318359375
0.2143173828125
0.21606328125
0.21809599609375
0.2203056640625
0.22302822265625
0.225907421875
0.22918564453125
0.2329978515625
0.23724375
0.2421654296875
0.24811435546875
0.255065234375
0.2629869140625
0.272253515625
0.2832751953125
0.29639150390625
0.3124251953125
0.332215625
0.3574123046875
0.39092119140625
0.438187890625
0.512217578125
0.65127919921875

2.611111111111111
1.0
0.5422142578125
0.35809501953125
0.2637146484375
0.20736904296875
0.170570703125
0.14525322265625
0.1270625
0.1136873046875
0.10382177734375
0.09623212890625
0.09065888671875
0.08635419921875
0.0829111328125
0.08002626953125
0.07803427734375
0.076463671875
0.0750541015625
0.07385615234375
0.07283994140625
0.07209169921875
0.0716349609375
0.0711548828125
0.07094794921875
0.070846875
0.0707849609375
0.07076328125
0.0707109375
0.070776953125
0.07075869140625
0.0706560546875
0.0706009765625
0.07059609375
0.0706009765625
0.0706560546875
0.07075869140625
0.070776953125
0.0707109375
0.07076328125
0.0707849609375
0.070846875
0.07094794921875
0.0711548828125
0.0716349609375
0.07209169921875
0.07283994140625
0.07385615234375
0.0750541015625
0.076463671875
0.07803427734375
0.08002626953125
0.0829111328125
0.08635419921875
0.09065888671875
0.09623212890625
0.10382177734375
0.1136873046875
0.1270625
0.14525322265625
0.170570703125
0.20736904296875
0.2637146484375
0.35809501953125
0.5422142578125

2.833333333333333
1.0
0.47279658203125
0.27259072265625
0.179036328125
0.12843466796875
0.09870546875
0.0805025390625
0.068790234375
0.06121611328125
0.05639521484375
0.05309990234375
0.05087080078125
0.04912138671875
0.04789296875
0.0473822265625
0.04710859375
0.0470587890625
0.0468794921875
0.046625
0.046390625
0.0464375
0.04624599609375
0.0460423828125
0.04612841796875
0.04651298828125
0.046538671875
0.0465736328125
0.0464349609375
0.046281640625
0.046341796875
0.0462302734375
0.046410546875
0.04648251953125
0.046410546875
0.0462302734375
0.046341796875
0.046281640625
0.0464349609375
0.0465736328125
0.046538671875
0.04651298828125
0.04612841796875
0.0460423828125
0.04624599609375
0.0464375
0.046390625
0.046625
0.0468794921875
0.0470587890625
0.04710859375
0.0473822265625
0.04789296875
0.04912138671875
0.05087080078125
0.05309990234375
0.05639521484375
0.06121611328125
0.068790234375
0.0805025390625
0.09870546875
0.12843466796875
0.179036328125
0.27259072265625
0.47279658203125

3.0555555555555554
1.0
0.4220154296875
0.21725703125
0.12991884765625
0.0876509765625
0.06558271484375
0.0531181640625
0.0459150390625
0.04196533203125
0.03960302734375
0.03819248046875
0.0372396484375
0.03681474609375
0.0362271484375
0.03568984375
0.03561923828125
0.0355173828125
0.035399609375
0.03563271484375
0.03570615234375
0.0360361328125
0.03571396484375
0.035685546875
0.0356392578125
0.0356443359375
0.03558935546875
0.03576005859375
0.0358568359375
0.03598369140625
0.03595908203125
0.03615322265625
0.0364494140625
0.036404296875
0.0364494140625
0.03615322265625
0.03595908203125
0.03598369140625
0.0358568359375
0.03576005859375
0.03558935546875
0.0356443359375
0.0356392578125
0.035685546875
0.03571396484375
0.0360361328125
0.03570615234375
0.03563271484375
0.035399609375
0.0355173828125
0.03561923828125
0.03568984375
0.0362271484375
0.03681474609375
0.0372396484375
0.03819248046875
0.03960302734375
0.04196533203125
0.0459150390625
0.0531181640625
0.06558271484375
0.0876509765625
0.12991884765625
0.21725703125
0.4220154296875

3.2777777777777777
1.0
0.38237939453125
0.17839931640625
0.09896044921875
0.0640390625
0.047495703125
0.0393140625
0.03496650390625
0.03268349609375
0.03162890625
0.03111416015625
0.030724609375
0.03067666015625
0.03084892578125
0.0307994140625
0.03073583984375
0.0304083984375
0.0302037109375
0.0302689453125
0.03012177734375
0.03021669921875
0.03028779296875
0.03069580078125
0.03049306640625
0.0305966796875
0.03030126953125
0.0303998046875
0.03017470703125
0.03009443359375
0.0302736328125
0.0304591796875
0.03053076171875
0.03058525390625
0.03053076171875
0.0304591796875
0.0302736328125
0.03009443359375
0.03017470703125
0.0303998046875
0.03030126953125
0.0305966796875
0.03049306640625
0.03069580078125
0.03028779296875
0.03021669921875
0.03012177734375
0.0302689453125
0.0302037109375
0.0304083984375
0.03073583984375
0.0307994140625
0.03084892578125
0.03067666015625
0.030724609375
0.03111416015625
0.03162890625
0.03268349609375
0.03496650390625
0.0393140625
0.047495703125
0.0640390625
0.09896044921875
0.17839931640625
0.38237939453125

3.5
1.0
0.35086650390625
0.150203125
0.078408203125
0.04979150390625
0.03760009765625
0.0319728515625
0.02941650390625
0.0282359375
0.02736787109375
0.027048046875
0.0270451171875
0.02697392578125
0.027111328125
0.02705263671875
0.02695244140625
0.0269234375
0.02692109375
0.02715625
0.02713193359375
0.0271435546875
0.02718212890625
0.02704208984375
0.0271248046875
0.02713798828125
0.02696767578125
0.0269546875
0.0270765625
0.027098828125
0.02705712890625
0.02719970703125
0.0270279296875
0.0269669921875
0.0270279296875
0.02719970703125
0.02705712890625
0.027098828125
0.0270765625
0.0269546875
0.02696767578125
0.02713798828125
0.0271248046875
0.02704208984375
0.02718212890625
0.0271435546875
0.02713193359375
0.02715625
0.02692109375
0.0269234375
0.02695244140625
0.02705263671875
0.027111328125
0.02697392578125
0.0270451171875
0.027048046875
0.02736787109375
0.0282359375
0.02941650390625
0.0319728515625
0.03760009765625
0.04979150390625
0.078408203125
0.150203125
0.35086650390625


1.5
1.0
0.9760030517578125
0.9739390625
0.9737371826171874
0.9737129150390625
0.973711572265625
0.97370634765625
0.9737113525390625
0.9737123046875
0.9737100341796875
0.973708154296875
0.9737112548828125
0.973712353515625
0.9737076416015625
0.9737109619140625
0.9737112548828125
0.9737114013671875
0.973709375
0.97370869140625
0.973709521484375
0.9737146728515625
0.9737138427734375
0.973707666015625
0.9737066162109375
0.973708251953125
0.9737115478515626
0.97371123046875
0.973709130859375
0.9737123291015625
0.9737093505859375
0.9737137939453125
0.973711083984375
0.9737112060546875
0.973711767578125
0.9737093017578125
0.973707470703125
0.9737091796875
0.9737093017578125
0.973708935546875
0.973710888671875
0.9737112060546875
0.9737068115234375
0.9737122802734375
0.973711279296875
0.9737100830078125
0.9737127197265625
0.973707666015625
0.9737115478515626
0.9737110107421875
0.973710888671875
0.973713134765625
0.973712060546875
0.9737075927734375
0.9737097412109375
0.9737104248046875
0.9737104248046875
0.9737127685546875
0.973707080078125
0.9737076904296875
0.9737095458984375
0.9737084716796875
0.9737067626953125
0.9737064453125
0.9737135498046875
0.9737081787109375
0.9737135498046875
0.9737064453125
0.9737067626953125
0.9737084716796875
0.9737095458984375
0.9737076904296875
0.973707080078125
0.9737127685546875
0.9737104248046875
0.9737104248046875
0.9737097412109375
0.9737075927734375
0.973712060546875
0.973713134765625
0.973710888671875
0.9737110107421875
0.9737115478515626
0.973707666015625
0.9737127197265625
0.9737100830078125
0.973711279296875
0.9737122802734375
0.9737068115234375
0.9737112060546875
0.973710888671875
0.973708935546875
0.9737093017578125
0.9737091796875
0.973707470703125
0.9737093017578125
0.973711767578125
0.9737112060546875
0.973711083984375
0.9737137939453125
0.9737093505859375
0.9737123291015625
0.973709130859375
0.97371123046875
0.9737115478515626
0.973708251953125
0.9737066162109375
0.973707666015625
0.9737138427734375
0.9737146728515625
0.973709521484375
0.97370869140625
0.973709375
0.9737114013671875
0.9737112548828125
0.9737109619140625
0.9737076416015625
0.973712353515625
0.9737112548828125
0.973708154296875
0.9737100341796875
0.9737123046875
0.9737113525390625
0.97370634765625
0.973711572265625
0.9737129150390625
0.9737371826171874
0.9739390625
0.9760030517578125

1.7222222222222223
1.0
0.946278759765625
0.938988427734375
0.937781884765625
0.9375416259765625
0.9374939208984375
0.93747900390625
0.937476025390625
0.937471875
0.9374802734375
0.9374775634765625
0.93747705078125
0.9374703369140625
0.937478125
0.9374772216796875
0.937477392578125
0.9374804931640625
0.9374794189453125
0.9374786376953125
0.937475927734375
0.9374778076171875
0.93748271484375
0.9374709228515625
0.9374719970703125
0.9374725830078126
0.9374655029296876
0.937473486328125
0.9374759033203125
0.9374717529296875
0.9374773681640625
0.9374771728515625
0.937479736328125
0.9374689697265625
0.9374751953125
0.937470654296875
0.9374680908203125
0.937473583984375
0.9374713623046875
0.937472607421875
0.9374773193359375
0.9374717529296875
0.9374774169921875
0.9374810546875
0.9374736572265625
0.9374770263671875
0.937475048828125
0.9374727294921875
0.9374822021484375
0.937475048828125
0.9374692138671875
0.9374716552734375
0.9374745361328125
0.93746923828125
0.937478271484375
0.93747109375
0.9374686279296875
0.937473046875
0.93748125
0.9374755615234375
0.9374768798828125
0.937478466796875
0.9374836669921875
0.9374831298828125
0.9374744384765625
0.93748662109375
0.9374744384765625
0.9374831298828125
0.9374836669921875
0.937478466796875
0.9374768798828125
0.9374755615234375
0.93748125
0.937473046875
0.9374686279296875
0.93747109375
0.937478271484375
0.93746923828125
0.9374745361328125
0.9374716552734375
0.9374692138671875
0.937475048828125
0.9374822021484375
0.9374727294921875
0.937475048828125
0.9374770263671875
0.9374736572265625
0.9374810546875
0.9374774169921875
0.9374717529296875
0.9374773193359375
0.937472607421875
0.9374713623046875
0.937473583984375
0.9374680908203125
0.937470654296875
0.9374751953125
0.9374689697265625
0.937479736328125
0.9374771728515625
0.9374773681640625
0.9374717529296875
0.9374759033203125
0.937473486328125
0.9374655029296876
0.9374725830078126
0.9374719970703125
0.9374709228515625
0.93748271484375
0.9374778076171875
0.937475927734375
0.9374786376953125
0.9374794189453125
0.9374804931640625
0.937477392578125
0.9374772216796875
0.937478125
0.9374703369140625
0.93747705078125
0.9374775634765625
0.9374802734375
0.937471875
0.937476025390625
0.93747900390625
0.9374939208984375
0.9375416259765625
0.937781884765625
0.938988427734375
0.946278759765625

1.9444444444444444
1.0
0.894106982421875
0.872756298828125
0.867201318359375
0.8654724365234375
0.8648641845703126
0.8646416748046875
0.8645302490234374
0.8644756591796875
0.864470458984375
0.8644689208984375
0.8644549072265625
0.86444921875
0.8644513427734375
0.8644537109375
0.86446875
0.86446474609375
0.8644382080078125
0.86443310546875
0.8644439208984375
0.8644270751953125
0.864434521484375
0.8644397216796875
0.864446826171875
0.8644499267578125
0.8644430419921875
0.8644635009765625
0.8644606689453125
0.8644563720703125
0.864457373046875
0.864467626953125
0.8644445068359375
0.864454248046875
0.8644284912109375
0.8644281494140625
0.8644236328125
0.8644491943359375
0.86444345703125
0.86446435546875
0.8644687255859375
0.864464501953125
0.86446298828125
0.8644410888671875
0.8644606201171875
0.8644548828125
0.86445146484375
0.864448486328125
0.8644686279296875
0.864461962890625
0.8644650146484375
0.8644412841796875
0.864432470703125
0.8644374755859375
0.8644404296875
0.8644528564453124
0.8644540771484375
0.8644563232421875
0.8644537109375
0.8644631103515625
0.864449560546875
0.8644593994140625
0.864443359375
0.86444951171875
0.864456201171875
0.8644395751953124
0.864456201171875
0.86444951171875
0.864443359375
0.8644593994140625
0.864449560546875
0.8644631103515625
0.8644537109375
0.8644563232421875
0.8644540771484375
0.8644528564453124
0.8644404296875
0.8644374755859375
0.864432470703125
0.8644412841796875
0.8644650146484375
0.864461962890625
0.8644686279296875
0.864448486328125
0.86445146484375
0.8644548828125
0.8644606201171875
0.8644410888671875
0.86446298828125
0.864464501953125
0.8644687255859375
0.86446435546875
0.86444345703125
0.8644491943359375
0.8644236328125
0.8644281494140625
0.8644284912109375
0.864454248046875
0.8644445068359375
0.864467626953125
0.864457373046875
0.8644563720703125
0.8644606689453125
0.8644635009765625
0.8644430419921875
0.8644499267578125
0.864446826171875
0.8644397216796875
0.864434521484375
0.8644270751953125
0.8644439208984375
0.86443310546875
0.8644382080078125
0.86446474609375
0.86446875
0.8644537109375
0.8644513427734375
0.86444921875
0.8644549072265625
0.8644689208984375
0.864470458984375
0.8644756591796875
0.8645302490234374
0.8646416748046875
0.8648641845703126
0.8654724365234375
0.867201318359375
0.872756298828125
0.894106982421875

2.1666666666666665
1.0
0.8020414794921875
0.7438252197265625
0.7209489501953125
0.7098211181640625
0.703691455078125
0.7000580322265625
0.6977210693359375
0.6962213623046875
0.6952282470703125
0.694560107421875
0.69405322265625
0.6937407470703125
0.69347041015625
0.6933010498046875
0.693118701171875
0.6930339111328125
0.6929763427734374
0.692927587890625
0.6928688720703124
0.692839990234375
0.692817431640625
0.692765771484375
0.6927856201171875
0.6928270751953125
0.69282109375
0.6928323486328125
0.6928426025390625
0.692798828125
0.6927608154296875
0.692770703125
0.69275537109375
0.692746484375
0.692745654296875
0.6927729736328125
0.6928082763671874
0.6928044921875
0.69279951171875
0.692777734375
0.692772412109375
0.6927831298828125
0.692765576171875
0.6927736083984375
0.6927229736328125
0.6927258544921875
0.6927281005859375
0.6926988037109375
0.69269521484375
0.6926954345703125
0.6927067138671875
0.6927247314453125
0.692748388671875
0.6927591796875
0.692742626953125
0.6927656494140625
0.69277041015625
0.6927600341796875
0.6927614501953125
0.69275576171875
0.6927487060546875
0.69275185546875
0.692756201171875
0.6927410400390625
0.6926969482421875
0.6926863525390625
0.6926969482421875
0.6927410400390625
0.692756201171875
0.69275185546875
0.6927487060546875
0.69275576171875
0.6927614501953125
0.6927600341796875
0.69277041015625
0.6927656494140625
0.692742626953125
0.6927591796875
0.692748388671875
0.6927247314453125
0.6927067138671875
0.6926954345703125
0.69269521484375
0.6926988037109375
0.6927281005859375
0.6927258544921875
0.6927229736328125
0.6927736083984375
0.692765576171875
0.6927831298828125
0.692772412109375
0.692777734375
0.69279951171875
0.6928044921875
0.6928082763671874
0.6927729736328125
0.692745654296875
0.692746484375
0.69275537109375
0.692770703125
0.6927608154296875
0.692798828125
0.6928426025390625
0.6928323486328125
0.69282109375
0.6928270751953125
0.6927856201171875
0.692765771484375
0.692817431640625
0.692839990234375
0.6928688720703124
0.692927587890625
0.6929763427734374
0.6930339111328125
0.693118701171875
0.6933010498046875
0.69347041015625
0.6937407470703125
0.69405322265625
0.694560107421875
0.6952282470703125
0.6962213623046875
0.6977210693359375
0.7000580322265625
0.703691455078125
0.7098211181640625
0.7209489501953125
0.7438252197265625
0.8020414794921875

2.388888888888889
1.0
0.6294822998046875
0.47612666015625
0.39179833984375
0.3364828125
0.296395751953125
0.2656529541015625
0.241189013671875
0.2211683837890625
0.2045187255859375
0.19045927734375
0.17840615234375
0.167997705078125
0.1589909423828125
0.1511510498046875
0.1442193359375
0.138200830078125
0.132833154296875
0.1281137939453125
0.1239130126953125
0.120096142578125
0.1165885009765625
0.113543017578125
0.110815478515625
0.1083406494140625
0.106006982421875
0.103939892578125
0.1021092041015625
0.1004787109375
0.0989169189453125
0.0974412353515625
0.096059423828125
0.094830029296875
0.093798779296875
0.0929429931640625
0.0921327880859375
0.0912472900390625
0.0905391845703125
0.089959521484375
0.0893543212890625
0.0888840087890625
0.088416357421875
0.0880318603515625
0.0876305419921875
0.0872926513671875
0.0870229736328125
0.0867927978515625
0.08656005859375
0.08645009765625
0.0863581298828125
0.0862510009765625
0.0861204833984375
0.0859341064453125
0.08590205078125
0.085779296875
0.0857056396484375
0.085715576171875
0.0857096435546875
0.0856841796875
0.085665673828125
0.0857064453125
0.0857243896484375
0.0856484375
0.0856843994140625
0.08572978515625
0.0856843994140625
0.0856484375
0.0857243896484375
0.0857064453125
0.085665673828125
0.0856841796875
0.0857096435546875
0.085715576171875
0.0857056396484375
0.085779296875
0.08590205078125
0.0859341064453125
0.0861204833984375
0.0862510009765625
0.0863581298828125
0.08645009765625
0.08656005859375
0.0867927978515625
0.0870229736328125
0.0872926513671875
0.0876305419921875
0.0880318603515625
0.088416357421875
0.0888840087890625
0.0893543212890625
0.089959521484375
0.0905391845703125
0.0912472900390625
0.0921327880859375
0.0929429931640625
0.093798779296875
0.094830029296875
0.096059423828125
0.0974412353515625
0.0989169189453125
0.1004787109375
0.1021092041015625
0.103939892578125
0.106006982421875
0.1083406494140625
0.110815478515625
0.113543017578125
0.1165885009765625
0.120096142578125
0.1239130126953125
0.1281137939453125
0.132833154296875
0.138200830078125
0.1442193359375
0.1511510498046875
0.1589909423828125
0.167997705078125
0.17840615234375
0.19045927734375
0.2045187255859375
0.2211683837890625
0.241189013671875
0.2656529541015625
0.296395751953125
0.3364828125
0.39179833984375
0.47612666015625
0.6294822998046875

2.611111111111111
1.0
0.5258702880859375
0.33261552734375
0.23303720703125
0.173380615234375
0.134427783203125
0.107630517578125
0.0886098876953125
0.0748744384765625
0.064709423828125
0.057079248046875
0.051400732421875
0.047033349609375
0.0436558349609375
0.0411988525390625
0.039327734375
0.0376959228515625
0.036558544921875
0.0355666015625
0.034887841796875
0.0342920654296875
0.0337947998046875
0.0334018310546875
0.033203173828125
0.0330213623046875
0.032925732421875
0.0327038330078125
0.032660595703125
0.0325106689453125
0.032470556640625
0.0323613037109375
0.032256201171875
0.03233525390625
0.03234296875
0.032392041015625
0.0324807373046875
0.0325758544921875
0.0326984130859375
0.0326893310546875
0.0325582275390625
0.0324437744140625
0.032452294921875
0.0324001708984375
0.0323548828125
0.03228916015625
0.032172412109375
0.032064404296875
0.0319703369140625
0.0319436279296875
0.03193994140625
0.0319364501953125
0.03191630859375
0.0318663330078125
0.03186865234375
0.031861962890625
0.0319912109375
0.032089599609375
0.032127783203125
0.0321373779296875
0.0320564697265625
0.0320460693359375
0.031915869140625
0.0317371337890625
0.031592578125
0.031614892578125
0.031592578125
0.0317371337890625
0.031915869140625
0.0320460693359375
0.0320564697265625
0.0321373779296875
0.032127783203125
0.032089599609375
0.0319912109375
0.031861962890625
0.03186865234375
0.0318663330078125
0.03191630859375
0.0319364501953125
0.03193994140625
0.0319436279296875
0.0319703369140625
0.032064404296875
0.032172412109375
0.03228916015625
0.0323548828125
0.0324001708984375
0.032452294921875
0.0324437744140625
0.0325582275390625
0.0326893310546875
0.0326984130859375
0.0325758544921875
0.0324807373046875
0.032392041015625
0.03234296875
0.03233525390625
0.032256201171875
0.0323613037109375
0.032470556640625
0.0325106689453125
0.032660595703125
0.0327038330078125
0.032925732421875
0.0330213623046875
0.033203173828125
0.0334018310546875
0.0337947998046875
0.0342920654296875
0.034887841796875
0.0355666015625
0.036558544921875
0.0376959228515625
0.039327734375
0.0411988525390625
0.0436558349609375
0.047033349609375
0.051400732421875
0.057079248046875
0.064709423828125
0.0748744384765625
0.0886098876953125
0.107630517578125
0.134427783203125
0.173380615234375
0.23303720703125
0.33261552734375
0.5258702880859375

2.833333333333333
1.0
0.4591754638671875
0.25232216796875
0.1553853271484375
0.103558203125
0.0734048095703125
0.054993408203125
0.04340244140625
0.03608017578125
0.0312867919921875
0.0282073974609375
0.0262257080078125
0.0248400390625
0.023865673828125
0.023321044921875
0.0229199951171875
0.02250830078125
0.0222612548828125
0.0219651611328125
0.021859423828125
0.021703662109375
0.0215177490234375
0.02150234375
0.0215848876953125
0.0214856201171875
0.0216460693359375
0.0217357666015625
0.02168759765625
0.02171953125
0.0216810302734375
0.0217357666015625
0.0216880615234375
0.0217693359375
0.0218113525390625
0.02172548828125
0.0215685791015625
0.0215069580078125
0.0215275146484375
0.0216216796875
0.0216208740234375
0.0217071044921875
0.0216680908203125
0.0217244140625
0.0217341796875
0.0216157958984375
0.0215735107421875
0.02165634765625
0.0216493896484375
0.021716357421875
0.021803076171875
0.0216153076171875
0.0217275146484375
0.0217662109375
0.0217957763671875
0.02187958984375
0.021803125
0.0218489990234375
0.02186640625
0.0218802490234375
0.0219184326171875
0.021870947265625
0.021880859375
0.0219372802734375
0.0218438232421875
0.021839404296875
0.0218438232421875
0.0219372802734375
0.021880859375
0.021870947265625
0.0219184326171875
0.0218802490234375
0.02186640625
0.0218489990234375
0.021803125
0.02187958984375
0.0217957763671875
0.0217662109375
0.0217275146484375
0.0216153076171875
0.021803076171875
0.021716357421875
0.0216493896484375
0.02165634765625
0.0215735107421875
0.0216157958984375
0.0217341796875
0.0217244140625
0.0216680908203125
0.0217071044921875
0.0216208740234375
0.0216216796875
0.0215275146484375
0.0215069580078125
0.0215685791015625
0.02172548828125
0.0218113525390625
0.0217693359375
0.0216880615234375
0.0217357666015625
0.0216810302734375
0.02171953125
0.02168759765625
0.0217357666015625
0.0216460693359375
0.0214856201171875
0.0215848876953125
0.02150234375
0.0215177490234375
0.021703662109375
0.021859423828125
0.0219651611328125
0.0222612548828125
0.02250830078125
0.0229199951171875
0.023321044921875
0.023865673828125
0.0248400390625
0.0262257080078125
0.0282073974609375
0.0312867919921875
0.03608017578125
0.04340244140625
0.054993408203125
0.0734048095703125
0.103558203125
0.1553853271484375
0.25232216796875
0.4591754638671875

3.0555555555555554
1.0
0.409539794921875
0.19961875
0.1102717041015625
0.06731171875
0.04505009765625
0.0330294677734375
0.026238623046875
0.0224898681640625
0.0202295654296875
0.0190020751953125
0.01836484375
0.018076806640625
0.0176689208984375
0.017543017578125
0.0173931396484375
0.017305615234375
0.0171637451171875
0.0170968017578125
0.017066796875
0.017100439453125
0.0170597412109375
0.01710537109375
0.0171104736328125
0.0171059814453125
0.017064013671875
0.0171465576171875
0.0170550537109375
0.01708984375
0.017127197265625
0.017134228515625
0.0171608642578125
0.0171002685546875
0.0172346923828125
0.01737919921875
0.01735673828125
0.0172008056640625
0.017145458984375
0.0170678955078125
0.0171473876953125
0.017178955078125
0.0172834228515625
0.017239501953125
0.017170556640625
0.01718251953125
0.0172493896484375
0.0172772216796875
0.0172919189453125
0.0172801025390625
0.0171707763671875
0.0171811767578125
0.0172678466796875
0.017204296875
0.017289697265625
0.0173967041015625
0.0171912109375
0.0172192626953125
0.017306591796875
0.0173116455078125
0.0172265380859375
0.0171982421875
0.0170981201171875
0.016791162109375
0.016690869140625
0.0166464599609375
0.016690869140625
0.016791162109375
0.0170981201171875
0.0171982421875
0.0172265380859375
0.0173116455078125
0.017306591796875
0.0172192626953125
0.0171912109375
0.0173967041015625
0.017289697265625
0.017204296875
0.0172678466796875
0.0171811767578125
0.0171707763671875
0.0172801025390625
0.0172919189453125
0.0172772216796875
0.0172493896484375
0.01718251953125
0.017170556640625
0.017239501953125
0.0172834228515625
0.017178955078125
0.0171473876953125
0.0170678955078125
0.017145458984375
0.0172008056640625
0.01735673828125
0.01737919921875
0.0172346923828125
0.0171002685546875
0.0171608642578125
0.017134228515625
0.017127197265625
0.01708984375
0.0170550537109375
0.0171465576171875
0.017064013671875
0.0171059814453125
0.0171104736328125
0.01710537109375
0.0170597412109375
0.017100439453125
0.017066796875
0.0170968017578125
0.0171637451171875
0.017305615234375
0.0173931396484375
0.017543017578125
0.0176689208984375
0.018076806640625
0.01836484375
0.0190020751953125
0.0202295654296875
0.0224898681640625
0.026238623046875
0.0330294677734375
0.04505009765625
0.06731171875
0.1102717041015625
0.19961875
0.409539794921875

3.2777777777777777
1.0
0.371341650390625
0.163127783203125
0.082418310546875
0.047261376953125
0.0309311767578125
0.0229493408203125
0.01883935546875
0.0166822998046875
0.0156740966796875
0.015109033203125
0.0147704345703125
0.014749365234375
0.014721240234375
0.0147365966796875
0.01469765625
0.014586328125
0.0145999267578125
0.014645361328125
0.01465732421875
0.0146367919921875
0.014709375
0.0145876708984375
0.0146817626953125
0.0146501220703125
0.01470615234375
0.0147125
0.0146737548828125
0.0146569091796875
0.01459833984375
0.014649951171875
0.0146815185546875
0.0145781982421875
0.0145849609375
0.014572412109375
0.014475
0.01438544921875
0.0143875
0.0144796875
0.014512939453125
0.01464091796875
0.0146662841796875
0.0146560546875
0.0147232421875
0.01477705078125
0.0147660400390625
0.014718359375
0.0146801513671875
0.0147469970703125
0.0147792236328125
0.0147207763671875
0.0145685546875
0.0145284912109375
0.0147063720703125
0.0146597900390625
0.0146345947265625
0.01448994140625
0.014543310546875
0.0144434814453125
0.01447783203125
0.014487451171875
0.014404541015625
0.0145463623046875
0.0143900390625
0.0144015380859375
0.0143900390625
0.0145463623046875
0.014404541015625
0.014487451171875
0.01447783203125
0.0144434814453125
0.014543310546875
0.01448994140625
0.0146345947265625
0.0146597900390625
0.0147063720703125
0.0145284912109375
0.0145685546875
0.0147207763671875
0.0147792236328125
0.0147469970703125
0.0146801513671875
0.014718359375
0.0147660400390625
0.01477705078125
0.0147232421875
0.0146560546875
0.0146662841796875
0.01464091796875
0.014512939453125
0.0144796875
0.0143875
0.01438544921875
0.014475
0.014572412109375
0.0145849609375
0.0145781982421875
0.0146815185546875
0.014649951171875
0.01459833984375
0.0146569091796875
0.0146737548828125
0.0147125
0.01470615234375
0.0146501220703125
0.0146817626953125
0.0145876708984375
0.014709375
0.0146367919921875
0.01465732421875
0.014645361328125
0.0145999267578125
0.014586328125
0.01469765625
0.0147365966796875
0.014721240234375
0.014749365234375
0.0147704345703125
0.015109033203125
0.0156740966796875
0.0166822998046875
0.01883935546875
0.0229493408203125
0.0309311767578125
0.047261376953125
0.082418310546875
0.163127783203125
0.371341650390625

3.5
1.0
0.3402920654296875
0.1363070556640625
0.06377646484375
0.0350930908203125
0.02300556640625
0.017551611328125
0.0150814453125
0.01404833984375
0.013576806640625
0.0132799560546875
0.0131020263671875
0.01311611328125
0.01312177734375
0.0130195556640625
0.0130378173828125
0.0129865478515625
0.01306298828125
0.0129858642578125
0.013118994140625
0.0131882568359375
0.0131279296875
0.012911572265625
0.0129398681640625
0.013031787109375
0.0130986328125
0.013066259765625
0.0131408935546875
0.0132091796875
0.0131515380859375
0.0130000244140625
0.0129063720703125
0.0130041748046875
0.0130331787109375
0.0129095458984375
0.01290205078125
0.0129555419921875
0.0129325927734375
0.0130111328125
0.0129905029296875
0.0130576416015625
0.0130620849609375
0.013141259765625
0.0131503662109375
0.013013037109375
0.013009765625
0.0131445068359375
0.013137353515625
0.0132050048828125
0.0131488525390625
0.0131840087890625
0.013072607421875
0.013088916015625
0.0132465087890625
0.0131358642578125
0.0130619384765625
0.013130908203125
0.013007421875
0.0129602294921875
0.0129521484375
0.013118603515625
0.01314541015625
0.013141357421875
0.0130576171875
0.01306025390625
0.0130576171875
0.013141357421875
0.01314541015625
0.013118603515625
0.0129521484375
0.0129602294921875
0.013007421875
0.013130908203125
0.0130619384765625
0.0131358642578125
0.0132465087890625
0.013088916015625
0.013072607421875
0.0131840087890625
0.0131488525390625
0.0132050048828125
0.013137353515625
0.0131445068359375
0.013009765625
0.013013037109375
0.0131503662109375
0.013141259765625
0.0130620849609375
0.0130576416015625
0.0129905029296875
0.0130111328125
0.0129325927734375
0.0129555419921875
0.01290205078125
0.0129095458984375
0.0130331787109375
0.0130041748046875
0.0129063720703125
0.0130000244140625
0.0131515380859375
0.0132091796875
0.0131408935546875
0.013066259765625
0.0130986328125
0.013031787109375
0.0129398681640625
0.012911572265625
0.0131279296875
0.0131882568359375
0.013118994140625
0.0129858642578125
0.01306298828125
0.0129865478515625
0.0130378173828125
0.0130195556640625
0.01312177734375
0.01311611328125
0.0131020263671875
0.0132799560546875
0.013576806640625
0.01404833984375
0.0150814453125
0.017551611328125
0.02300556640625
0.0350930908203125
0.06377646484375
0.1363070556640625
0.3402920654296875

