2.1666666666666665
1.0
0.84400625
0.8054921875
0.7930984375
0.788475
0.7865234375
0.7856921875
0.78525625
0.78476875
0.78525625
0.7856921875
0.7865234375
0.788475
0.7930984375
0.8054921875
0.84400625

2.2160493827160495
1.0
0.8240828125
0.77830625
0.7630765625
0.7568109375
0.7541140625
0.7527234375
0.752325
0.7518
0.752325
0.7527234375
0.7541140625
0.7568109375
0.7630765625
0.77830625
0.8240828125

2.265432098765432
1.0
0.8032328125
0.7486078125
0.7290140625
0.7207203125
0.716321875
0.714078125
0.713021875
0.712903125
0.713021875
0.714078125
0.716321875
0.7207203125
0.7290140625
0.7486078125
0.8032328125

2.314814814814815
1.0
0.781915625
0.7182828125
0.6943546875
0.6831859375
0.6774875
0.6744765625
0.6730984375
0.67229375
0.6730984375
0.6744765625
0.6774875
0.6831859375
0.6943546875
0.7182828125
0.781915625

2.3641975308641974
1.0
0.758865625
0.68485625
0.6559375
0.6418984375
0.634653125
0.630603125
0.6281234375
0.627003125
0.6281234375
0.630603125
0.634653125
0.6418984375
0.6559375
0.68485625
0.758865625

2.4135802469135803
1.0
0.7333859375
0.649259375
0.6141984375
0.596940625
0.5874828125
0.5822484375
0.579478125
0.578596875
0.579478125
0.5822484375
0.5874828125
0.596940625
0.6141984375
0.649259375
0.7333859375

2.462962962962963
1.0
0.7111484375
0.617078125
0.576965625
0.5570046875
0.545196875
0.539421875
0.5364453125
0.5358875
0.5364453125
0.539421875
0.545196875
0.5570046875
0.576965625
0.617078125
0.7111484375

2.5123456790123457
1.0
0.68738125
0.58126875
0.534946875
0.5105203125
0.49714375
0.4890078125
0.4850078125
0.4840390625
0.4850078125
0.4890078125
0.49714375
0.5105203125
0.534946875
0.58126875
0.68738125

2.5617283950617287
1.0
0.6642859375
0.5490390625
0.49798125
0.4711328125
0.45648125
0.4477015625
0.4436390625
0.4433546875
0.4436390625
0.4477015625
0.45648125
0.4711328125
0.49798125
0.5490390625
0.6642859375

2.611111111111111
1.0
0.6411375
0.5169453125
0.4607390625
0.430709375
0.413903125
0.40401875
0.398634375
0.3972328125
0.398634375
0.40401875
0.413903125
0.430709375
0.4607390625
0.5169453125
0.6411375


2.1666666666666665
1.0
0.82171640625
0.77319375
0.755726953125
0.7482046875
0.744339453125
0.74227734375
0.74126171875
0.740585546875
0.740341015625
0.739983984375
0.73959140625
0.73949296875
0.73943125
0.739548046875
0.739544921875
0.73938359375
0.739544921875
0.739548046875
0.73943125
0.73949296875
0.73959140625
0.739983984375
0.740341015625
0.740585546875
0.74126171875
0.74227734375
0.744339453125
0.7482046875
0.755726953125
0.77319375
0.82171640625

2.2160493827160495
1.0
0.79667734375
0.736604296875
0.713320703125
0.702183203125
0.69606953125
0.692482421875
0.690019921875
0.688545703125
0.687657421875
0.687075
0.686633984375
0.686234765625
0.68610703125
0.686028125
0.685825390625
0.685850390625
0.685825390625
0.686028125
0.68610703125
0.686234765625
0.686633984375
0.687075
0.687657421875
0.688545703125
0.690019921875
0.692482421875
0.69606953125
0.702183203125
0.713320703125
0.736604296875
0.79667734375

2.265432098765432
1.0
0.769293359375
0.69610703125
0.665178515625
0.6490296875
0.639951953125
0.633915234375
0.629950390625
0.6273296875
0.62546640625
0.62409765625
0.623121875
0.6223765625
0.6218234375
0.621596875
0.621376953125
0.621378125
0.621376953125
0.621596875
0.6218234375
0.6223765625
0.623121875
0.62409765625
0.62546640625
0.6273296875
0.629950390625
0.633915234375
0.639951953125
0.6490296875
0.665178515625
0.69610703125
0.769293359375

2.314814814814815
1.0
0.7396125
0.651562890625
0.61179609375
0.589694140625
0.5758078125
0.5668046875
0.56056015625
0.55595859375
0.552938671875
0.550558984375
0.548660546875
0.547343359375
0.54632578125
0.5457109375
0.545440234375
0.545418359375
0.545440234375
0.5457109375
0.54632578125
0.547343359375
0.548660546875
0.550558984375
0.552938671875
0.55595859375
0.56056015625
0.5668046875
0.5758078125
0.589694140625
0.61179609375
0.651562890625
0.7396125

2.3641975308641974
1.0
0.707516015625
0.603194921875
0.55311171875
0.524384765625
0.505785546875
0.493051171875
0.483659765625
0.47703046875
0.47181015625
0.4679265625
0.465027734375
0.462962109375
0.46128125
0.460326171875
0.4596625
0.459641796875
0.4596625
0.460326171875
0.46128125
0.462962109375
0.465027734375
0.4679265625
0.47181015625
0.47703046875
0.483659765625
0.493051171875
0.505785546875
0.524384765625
0.55311171875
0.603194921875
0.707516015625

2.4135802469135803
1.0
0.675373046875
0.55456796875
0.494900390625
0.459725
0.435858203125
0.41943671875
0.406821875
0.397500390625
0.39053046875
0.385111328125
0.381284765625
0.37838828125
0.37585
0.374287109375
0.372955859375
0.372802734375
0.372955859375
0.374287109375
0.37585
0.37838828125
0.381284765625
0.385111328125
0.39053046875
0.397500390625
0.406821875
0.41943671875
0.435858203125
0.459725
0.494900390625
0.55456796875
0.675373046875

2.462962962962963
1.0
0.646281640625
0.511473046875
0.44393203125
0.403094921875
0.37619765625
0.3570109375
0.343334375
0.33248203125
0.324583984375
0.318394140625
0.313566015625
0.309651953125
0.3071796875
0.305644140625
0.3052140625
0.305028515625
0.3052140625
0.305644140625
0.3071796875
0.309651953125
0.313566015625
0.318394140625
0.324583984375
0.33248203125
0.343334375
0.3570109375
0.37619765625
0.403094921875
0.44393203125
0.511473046875
0.646281640625

2.5123456790123457
1.0
0.620494140625
0.474001171875
0.40014375
0.355404296875
0.326046875
0.304932421875
0.289521484375
0.27797890625
0.269781640625
0.26306796875
0.257716015625
0.254012890625
0.25153671875
0.250123046875
0.249088671875
0.249066015625
0.249088671875
0.250123046875
0.25153671875
0.254012890625
0.257716015625
0.26306796875
0.269781640625
0.27797890625
0.289521484375
0.304932421875
0.326046875
0.355404296875
0.40014375
0.474001171875
0.620494140625

2.5617283950617287
1.0
0.596237109375
0.4394625
0.360217578125
0.312954296875
0.281939453125
0.260132421875
0.2442015625
0.232324609375
0.2231828125
0.216565234375
0.211530859375
0.207855859375
0.205533203125
0.204019921875
0.2027859375
0.2028390625
0.2027859375
0.204019921875
0.205533203125
0.207855859375
0.211530859375
0.216565234375
0.2231828125
0.232324609375
0.2442015625
0.260132421875
0.281939453125
0.312954296875
0.360217578125
0.4394625
0.596237109375

2.611111111111111
1.0
0.57513359375
0.410004296875
0.327516796875
0.27916953125
0.247404296875
0.226054296875
0.210637890625
0.199558984375
0.19156953125
0.18569453125
0.1814078125
0.17840546875
0.175716015625
0.174030078125
0.1731421875
0.17305859375
0.1731421875
0.174030078125
0.175716015625
0.17840546875
0.1814078125
0.18569453125
0.19156953125
0.199558984375
0.210637890625
0.226054296875
0.247404296875
0.27916953125
0.327516796875
0.410004296875
0.57513359375


2.1666666666666665
1.0
0.80852841796875
0.75356005859375
0.73238740234375
0.7224369140625
0.71690126953125
0.713730859375
0.711696484375
0.71041513671875
0.7095197265625
0.70903857421875
0.70852333984375
0.7081837890625
0.70797333984375
0.70780537109375
0.707736328125
0.707688671875
0.707601953125
0.7075451171875
0.7075357421875
0.70747138671875
0.7075177734375
0.70746455078125
0.70742841796875
0.7074234375
0.7073865234375
0.7073435546875
0.70732294921875
0.70732197265625
0.70734541015625
0.7073650390625
0.7073255859375
0.7073310546875
0.7073255859375
0.7073650390625
0.70734541015625
0.70732197265625
0.70732294921875
0.7073435546875
0.7073865234375
0.7074234375
0.70742841796875
0.70746455078125
0.7075177734375
0.70747138671875
0.7075357421875
0.7075451171875
0.707601953125
0.707688671875
0.707736328125
0.70780537109375
0.70797333984375
0.7081837890625
0.70852333984375
0.70903857421875
0.7095197265625
0.71041513671875
0.711696484375
0.713730859375
0.71690126953125
0.7224369140625
0.73238740234375
0.75356005859375
0.80852841796875

2.2160493827160495
1.0
0.780205078125
0.71138125
0.68238828125
0.667356640625
0.658523046875
0.65286572265625
0.6490671875
0.64643291015625
0.644516796875
0.643157421875
0.642067578125
0.64118310546875
0.64060869140625
0.6401576171875
0.63969052734375
0.63934130859375
0.63913515625
0.63896640625
0.638846875
0.63861904296875
0.6384837890625
0.638400390625
0.638372265625
0.6382826171875
0.6382337890625
0.638237109375
0.6381384765625
0.6381056640625
0.63810673828125
0.63814853515625
0.638190625
0.638199609375
0.638190625
0.63814853515625
0.63810673828125
0.6381056640625
0.6381384765625
0.638237109375
0.6382337890625
0.6382826171875
0.638372265625
0.638400390625
0.6384837890625
0.63861904296875
0.638846875
0.63896640625
0.63913515625
0.63934130859375
0.63969052734375
0.6401576171875
0.64060869140625
0.64118310546875
0.642067578125
0.643157421875
0.644516796875
0.64643291015625
0.6490671875
0.65286572265625
0.658523046875
0.667356640625
0.68238828125
0.71138125
0.780205078125

2.265432098765432
1.0
0.74661982421875
0.6604671875
0.6206408203125
0.59812998046875
0.58385537109375
0.5740162109375
0.56690556640625
0.56161923828125
0.55745087890625
0.554302734375
0.55185166015625
0.5497865234375
0.54816806640625
0.54689296875
0.54586103515625
0.5449630859375
0.54428994140625
0.54368037109375
0.54310244140625
0.5426169921875
0.54229140625
0.5420322265625
0.54185908203125
0.54163076171875
0.5413958984375
0.54117177734375
0.541171875
0.54105166015625
0.540966015625
0.54095380859375
0.5409482421875
0.540975
0.5409482421875
0.54095380859375
0.540966015625
0.54105166015625
0.541171875
0.54117177734375
0.5413958984375
0.54163076171875
0.54185908203125
0.5420322265625
0.54229140625
0.5426169921875
0.54310244140625
0.54368037109375
0.54428994140625
0.5449630859375
0.54586103515625
0.54689296875
0.54816806640625
0.5497865234375
0.55185166015625
0.554302734375
0.55745087890625
0.56161923828125
0.56690556640625
0.5740162109375
0.58385537109375
0.59812998046875
0.6206408203125
0.6604671875
0.74661982421875

2.314814814814815
1.0
0.70717724609375
0.599040234375
0.544991796875
0.51207177734375
0.489598046875
0.47314814453125
0.46057021484375
0.45070810546875
0.442783984375
0.436216796875
0.4308146484375
0.4263103515625
0.42226982421875
0.4190078125
0.416237890625
0.4138248046875
0.4116166015625
0.4096248046875
0.40807841796875
0.4067798828125
0.40546318359375
0.40445751953125
0.40373095703125
0.40284091796875
0.4020400390625
0.4014865234375
0.400975
0.400609375
0.40028681640625
0.400198046875
0.40005703125
0.3999859375
0.40005703125
0.400198046875
0.40028681640625
0.400609375
0.400975
0.4014865234375
0.4020400390625
0.40284091796875
0.40373095703125
0.40445751953125
0.40546318359375
0.4067798828125
0.40807841796875
0.4096248046875
0.4116166015625
0.4138248046875
0.416237890625
0.4190078125
0.42226982421875
0.4263103515625
0.4308146484375
0.436216796875
0.442783984375
0.45070810546875
0.46057021484375
0.47314814453125
0.489598046875
0.51207177734375
0.544991796875
0.599040234375
0.70717724609375

2.3641975308641974
1.0
0.66827294921875
0.53857431640625
0.47039541015625
0.4272671875
0.39672490234375
0.37381455078125
0.35592138671875
0.3414697265625
0.32951845703125
0.3196791015625
0.31137294921875
0.30417099609375
0.29793974609375
0.29262001953125
0.28787607421875
0.28377939453125
0.28022763671875
0.27714033203125
0.27425966796875
0.27187138671875
0.26968974609375
0.2679037109375
0.26626494140625
0.26467958984375
0.2634091796875
0.26238974609375
0.26149169921875
0.26079990234375
0.26026533203125
0.25968564453125
0.25964697265625
0.25961455078125
0.25964697265625
0.25968564453125
0.26026533203125
0.26079990234375
0.26149169921875
0.26238974609375
0.2634091796875
0.26467958984375
0.26626494140625
0.2679037109375
0.26968974609375
0.27187138671875
0.27425966796875
0.27714033203125
0.28022763671875
0.28377939453125
0.28787607421875
0.29262001953125
0.29793974609375
0.30417099609375
0.31137294921875
0.3196791015625
0.32951845703125
0.3414697265625
0.35592138671875
0.37381455078125
0.39672490234375
0.4272671875
0.47039541015625
0.53857431640625
0.66827294921875

2.4135802469135803
1.0
0.63485263671875
0.4879134765625
0.409577734375
0.35948486328125
0.32407578125
0.2974052734375
0.27651455078125
0.2598689453125
0.24629287109375
0.2351314453125
0.22560703125
0.2175474609375
0.21060146484375
0.20456015625
0.1995662109375
0.19508603515625
0.191294921875
0.1880671875
0.1853072265625
0.182853515625
0.18087646484375
0.178963671875
0.1773796875
0.17597861328125
0.17487509765625
0.17382353515625
0.173098828125
0.17235908203125
0.17191953125
0.171570703125
0.171302734375
0.17123828125
0.171302734375
0.171570703125
0.17191953125
0.17235908203125
0.173098828125
0.17382353515625
0.17487509765625
0.17597861328125
0.1773796875
0.178963671875
0.18087646484375
0.182853515625
0.1853072265625
0.1880671875
0.191294921875
0.19508603515625
0.1995662109375
0.20456015625
0.21060146484375
0.2175474609375
0.22560703125
0.2351314453125
0.24629287109375
0.2598689453125
0.27651455078125
0.2974052734375
0.32407578125
0.35948486328125
0.409577734375
0.4879134765625
0.63485263671875

2.462962962962963
1.0
0.607291796875
0.44752431640625
0.3623587890625
0.30859755859375
0.27092431640625
0.24338798828125
0.22231484375
0.205494921875
0.1920330078125
0.18103857421875
0.17189296875
0.1644248046875
0.15832470703125
0.152987890625
0.1485626953125
0.1448873046875
0.14155751953125
0.13866845703125
0.1362322265625
0.134037890625
0.132412890625
0.131033984375
0.12989306640625
0.12864814453125
0.12741962890625
0.12673505859375
0.12621611328125
0.1258537109375
0.1256634765625
0.12528271484375
0.124973046875
0.124933984375
0.124973046875
0.12528271484375
0.1256634765625
0.1258537109375
0.12621611328125
0.12673505859375
0.12741962890625
0.12864814453125
0.12989306640625
0.131033984375
0.132412890625
0.134037890625
0.1362322265625
0.13866845703125
0.14155751953125
0.1448873046875
0.1485626953125
0.152987890625
0.15832470703125
0.1644248046875
0.17189296875
0.18103857421875
0.1920330078125
0.205494921875
0.22231484375
0.24338798828125
0.27092431640625
0.30859755859375
0.3623587890625
0.44752431640625
0.607291796875

2.5123456790123457
1.0
0.58332412109375
0.41356875
0.32421767578125
0.26837236328125
0.229997265625
0.2021611328125
0.18141875
0.165508203125
0.15291455078125
0.1428896484375
0.1348171875
0.12840771484375
0.1230921875
0.11872265625
0.11511640625
0.11187236328125
0.109414453125
0.1072646484375
0.105332421875
0.103721875
0.10265634765625
0.10164736328125
0.100604296875
0.099987109375
0.09931640625
0.09871123046875
0.09863173828125
0.0983609375
0.098311328125
0.09818271484375
0.0980080078125
0.09799990234375
0.0980080078125
0.09818271484375
0.098311328125
0.0983609375
0.09863173828125
0.09871123046875
0.09931640625
0.099987109375
0.100604296875
0.10164736328125
0.10265634765625
0.103721875
0.105332421875
0.1072646484375
0.109414453125
0.11187236328125
0.11511640625
0.11872265625
0.1230921875
0.12840771484375
0.1348171875
0.1428896484375
0.15291455078125
0.165508203125
0.18141875
0.2021611328125
0.229997265625
0.26837236328125
0.32421767578125
0.41356875
0.58332412109375

2.5617283950617287
1.0
0.561671875
0.38387138671875
0.29134443359375
0.234925390625
0.19701220703125
0.1702146484375
0.1503794921875
0.1357189453125
0.124337109375
0.1155986328125
0.1086021484375
0.1030056640625
0.098526953125
0.0949232421875
0.09220966796875
0.09008564453125
0.08845537109375
0.0871005859375
0.08588857421875
0.08490087890625
0.08441435546875
0.08383232421875
0.0831474609375
0.08267021484375
0.082209765625
0.08168330078125
0.081302734375
0.08129462890625
0.08115048828125
0.08115712890625
0.08088916015625
0.08091015625
0.08088916015625
0.08115712890625
0.08115048828125
0.08129462890625
0.081302734375
0.08168330078125
0.082209765625
0.08267021484375
0.0831474609375
0.08383232421875
0.08441435546875
0.08490087890625
0.08588857421875
0.0871005859375
0.08845537109375
0.09008564453125
0.09220966796875
0.0949232421875
0.098526953125
0.1030056640625
0.1086021484375
0.1155986328125
0.124337109375
0.1357189453125
0.1503794921875
0.1702146484375
0.19701220703125
0.234925390625
0.29134443359375
0.38387138671875
0.561671875

2.611111111111111
1.0
0.54215205078125
0.358102734375
0.2639845703125
0.2076744140625
0.17068828125
0.14510556640625
0.12654541015625
0.113095703125
0.10318525390625
0.09580810546875
0.0900921875
0.085599609375
0.082246875
0.079555078125
0.0774056640625
0.07595458984375
0.07501142578125
0.07398583984375
0.073300390625
0.072523828125
0.07204755859375
0.07169921875
0.071334375
0.071303125
0.07130595703125
0.07113857421875
0.07127236328125
0.07122666015625
0.071067578125
0.07095673828125
0.07092734375
0.071068359375
0.07092734375
0.07095673828125
0.071067578125
0.07122666015625
0.07127236328125
0.07113857421875
0.07130595703125
0.071303125
0.071334375
0.07169921875
0.07204755859375
0.072523828125
0.073300390625
0.07398583984375
0.07501142578125
0.07595458984375
0.0774056640625
0.079555078125
0.082246875
0.085599609375
0.0900921875
0.09580810546875
0.10318525390625
0.113095703125
0.12654541015625
0.14510556640625
0.17068828125
0.2076744140625
0.2639845703125
0.358102734375
0.54215205078125


2.1666666666666665
1.0
0.802096484375
0.743893701171875
0.720966162109375
0.7098665771484375
0.7036893798828125
0.6999933349609375
0.6976673583984375
0.6961366943359375
0.6951195556640625
0.694431494140625
0.6939386474609375
0.69354296875
0.6933170166015625
0.6931368896484374
0.69302001953125
0.6928633056640625
0.6927857666015625
0.6927967041015625
0.692767822265625
0.69271376953125
0.6926806396484375
0.692681640625
0.6926887451171875
0.692644775390625
0.692658544921875
0.69266611328125
0.692634912109375
0.6926160888671875
0.692645068359375
0.6926152099609375
0.69263623046875
0.6926310791015625
0.6926421875
0.6926279296875
0.69260693359375
0.69261591796875
0.692655126953125
0.692626220703125
0.6926382568359375
0.692618603515625
0.69260908203125
0.6926259521484375
0.6926354248046875
0.692653466796875
0.6926432861328125
0.692691552734375
0.6926775390625
0.6927046142578125
0.6926720947265625
0.6926579833984375
0.6926653564453125
0.6926504150390626
0.6926682373046875
0.69269208984375
0.692709228515625
0.69269462890625
0.6926908447265625
0.6927079833984375
0.6926851318359375
0.69266318359375
0.6926892822265625
0.6926639404296875
0.6926268310546875
0.692636181640625
0.6926268310546875
0.6926639404296875
0.6926892822265625
0.69266318359375
0.6926851318359375
0.6927079833984375
0.6926908447265625
0.69269462890625
0.692709228515625
0.69269208984375
0.6926682373046875
0.6926504150390626
0.6926653564453125
0.6926579833984375
0.6926720947265625
0.6927046142578125
0.6926775390625
0.692691552734375
0.6926432861328125
0.692653466796875
0.6926354248046875
0.6926259521484375
0.69260908203125
0.692618603515625
0.6926382568359375
0.692626220703125
0.692655126953125
0.69261591796875
0.69260693359375
0.6926279296875
0.6926421875
0.6926310791015625
0.69263623046875
0.6926152099609375
0.692645068359375
0.6926160888671875
0.692634912109375
0.69266611328125
0.692658544921875
0.692644775390625
0.6926887451171875
0.692681640625
0.6926806396484375
0.69271376953125
0.692767822265625
0.6927967041015625
0.6927857666015625
0.6928633056640625
0.69302001953125
0.6931368896484374
0.6933170166015625
0.69354296875
0.6939386474609375
0.694431494140625
0.6951195556640625
0.6961366943359375
0.6976673583984375
0.6999933349609375
0.7036893798828125
0.7098665771484375
0.720966162109375
0.743893701171875
0.802096484375

2.2160493827160495
1.0
0.770967236328125
0.697107177734375
0.664950146484375
0.6477441650390625
0.6372721923828125
0.6304318603515625
0.625677587890625
0.6222736083984375
0.61979990234375
0.617986572265625
0.616544677734375
0.6153802734375
0.6144620361328125
0.6137487548828126
0.61323017578125
0.6127872802734375
0.61243212890625
0.6121401611328126
0.611904638671875
0.611682763671875
0.6114637451171875
0.611366357421875
0.6112529541015626
0.611220654296875
0.6111630615234375
0.6110278564453125
0.61095341796875
0.610927978515625
0.610868359375
0.6108136962890625
0.610797216796875
0.610799951171875
0.6107763427734375
0.610755712890625
0.6107463134765625
0.610743505859375
0.6107662353515625
0.610726953125
0.6107293212890625
0.6107357177734375
0.6106978271484375
0.610653662109375
0.6106327880859375
0.610640625
0.6106578369140625
0.6106184814453125
0.6105865478515625
0.610581201171875
0.610569482421875
0.6105921630859374
0.6105367431640625
0.6105143310546876
0.6105526123046875
0.610542431640625
0.6105438720703125
0.610579931640625
0.6105910888671875
0.61063271484375
0.6106625
0.6106555908203125
0.6106279541015625
0.610640966796875
0.610694482421875
0.6107527099609374
0.610694482421875
0.610640966796875
0.6106279541015625
0.6106555908203125
0.6106625
0.61063271484375
0.6105910888671875
0.610579931640625
0.6105438720703125
0.610542431640625
0.6105526123046875
0.6105143310546876
0.6105367431640625
0.6105921630859374
0.610569482421875
0.610581201171875
0.6105865478515625
0.6106184814453125
0.6106578369140625
0.610640625
0.6106327880859375
0.610653662109375
0.6106978271484375
0.6107357177734375
0.6107293212890625
0.610726953125
0.6107662353515625
0.610743505859375
0.6107463134765625
0.610755712890625
0.6107763427734375
0.610799951171875
0.610797216796875
0.6108136962890625
0.610868359375
0.610927978515625
0.61095341796875
0.6110278564453125
0.6111630615234375
0.611220654296875
0.6112529541015626
0.611366357421875
0.6114637451171875
0.611682763671875
0.611904638671875
0.6121401611328126
0.61243212890625
0.6127872802734375
0.61323017578125
0.6137487548828126
0.6144620361328125
0.6153802734375
0.616544677734375
0.617986572265625
0.61979990234375
0.6222736083984375
0.625677587890625
0.6304318603515625
0.6372721923828125
0.6477441650390625
0.664950146484375
0.697107177734375
0.770967236328125

2.265432098765432
1.0
0.7317398193359375
0.636066943359375
0.58964482421875
0.5621157470703125
0.5436110595703125
0.530186865234375
0.520045068359375
0.5121093994140625
0.5056413330078126
0.5004525146484375
0.496106787109375
0.49247783203125
0.4893470703125
0.486605126953125
0.484243701171875
0.482228857421875
0.4804951171875
0.478890673828125
0.47747490234375
0.4762490966796875
0.4751021728515625
0.474140283203125
0.473260546875
0.472474072265625
0.4717259765625
0.471148974609375
0.470579150390625
0.4700685791015625
0.4695407470703125
0.469071337890625
0.4686773681640625
0.468326220703125
0.468006494140625
0.4677
0.4674375732421875
0.4671537353515625
0.466905419921875
0.4667660888671875
0.466559814453125
0.4664220703125
0.466215771484375
0.4660403564453125
0.46585849609375
0.4657369140625
0.4655535400390625
0.4654743408203125
0.465422607421875
0.4653937255859375
0.4652640380859375
0.4651701416015625
0.4650542724609375
0.46499765625
0.464911083984375
0.46496748046875
0.4649447265625
0.4648516845703125
0.4647268798828125
0.4646311767578125
0.4645843994140625
0.4644901611328125
0.4643877197265625
0.464398046875
0.4644113037109375
0.46435927734375
0.4644113037109375
0.464398046875
0.4643877197265625
0.4644901611328125
0.4645843994140625
0.4646311767578125
0.4647268798828125
0.4648516845703125
0.4649447265625
0.46496748046875
0.464911083984375
0.46499765625
0.4650542724609375
0.4651701416015625
0.4652640380859375
0.4653937255859375
0.465422607421875
0.4654743408203125
0.4655535400390625
0.4657369140625
0.46585849609375
0.4660403564453125
0.466215771484375
0.4664220703125
0.466559814453125
0.4667660888671875
0.466905419921875
0.4671537353515625
0.4674375732421875
0.4677
0.468006494140625
0.468326220703125
0.4686773681640625
0.469071337890625
0.4695407470703125
0.4700685791015625
0.470579150390625
0.471148974609375
0.4717259765625
0.472474072265625
0.473260546875
0.474140283203125
0.4751021728515625
0.4762490966796875
0.47747490234375
0.478890673828125
0.4804951171875
0.482228857421875
0.484243701171875
0.486605126953125
0.4893470703125
0.49247783203125
0.496106787109375
0.5004525146484375
0.5056413330078126
0.5121093994140625
0.520045068359375
0.530186865234375
0.5436110595703125
0.5621157470703125
0.58964482421875
0.636066943359375
0.7317398193359375

2.314814814814815
1.0
0.684581591796875
0.560619140625
0.494522900390625
0.45192451171875
0.42114091796875
0.3974315185546875
0.3783426025390625
0.362579150390625
0.349177685546875
0.3377402099609375
0.3276425048828125
0.3187802490234375
0.31084794921875
0.303712548828125
0.297329248046875
0.2914908935546875
0.28616005859375
0.2813466796875
0.2768576904296875
0.2727580810546875
0.26898798828125
0.2655529541015625
0.2623379638671875
0.2593340087890625
0.2565402587890625
0.2539701171875
0.2515469970703125
0.2492949951171875
0.2470985107421875
0.245030322265625
0.2430703369140625
0.241317724609375
0.2396298583984375
0.237989013671875
0.2365982421875
0.2352356689453125
0.2339368408203125
0.23253046875
0.2313127197265625
0.2301170166015625
0.2290174072265625
0.2279112060546875
0.226866796875
0.2259582763671875
0.2250181640625
0.2242435302734375
0.2234764892578125
0.2227580322265625
0.22209638671875
0.2214945556640625
0.2210117919921875
0.2204547607421875
0.2199746826171875
0.2195507568359375
0.2191517333984375
0.2187048583984375
0.21831416015625
0.217983349609375
0.2176954345703125
0.2174904541015625
0.2173145751953125
0.21720048828125
0.2171467041015625
0.2170874755859375
0.2171467041015625
0.21720048828125
0.2173145751953125
0.2174904541015625
0.2176954345703125
0.217983349609375
0.21831416015625
0.2187048583984375
0.2191517333984375
0.2195507568359375
0.2199746826171875
0.2204547607421875
0.2210117919921875
0.2214945556640625
0.22209638671875
0.2227580322265625
0.2234764892578125
0.2242435302734375
0.2250181640625
0.2259582763671875
0.226866796875
0.2279112060546875
0.2290174072265625
0.2301170166015625
0.2313127197265625
0.23253046875
0.2339368408203125
0.2352356689453125
0.2365982421875
0.237989013671875
0.2396298583984375
0.241317724609375
0.2430703369140625
0.245030322265625
0.2470985107421875
0.2492949951171875
0.2515469970703125
0.2539701171875
0.2565402587890625
0.2593340087890625
0.2623379638671875
0.2655529541015625
0.26898798828125
0.2727580810546875
0.2768576904296875
0.2813466796875
0.28616005859375
0.2914908935546875
0.297329248046875
0.303712548828125
0.31084794921875
0.3187802490234375
0.3276425048828125
0.3377402099609375
0.349177685546875
0.362579150390625
0.3783426025390625
0.3974315185546875
0.42114091796875
0.45192451171875
0.494522900390625
0.560619140625
0.684581591796875

2.3641975308641974
1.0
0.6457589599609375
0.5005498046875
0.4209033203125
0.36857744140625
0.330461376953125
0.3009974609375
0.2773074951171875
0.2577426513671875
0.2412905029296875
0.22731455078125
0.2152792236328125
0.204846923828125
0.1956614501953125
0.18747919921875
0.1802213623046875
0.1737210205078125
0.1679576171875
0.16279287109375
0.158005908203125
0.153753759765625
0.1498503662109375
0.14637255859375
0.143174365234375
0.1401757080078125
0.137414404296875
0.1349739990234375
0.1326265869140625
0.130500244140625
0.128592919921875
0.1267354736328125
0.1249914306640625
0.1234241455078125
0.121872216796875
0.1204765380859375
0.11918671875
0.118051953125
0.11692822265625
0.11602265625
0.11514365234375
0.1142597900390625
0.11344404296875
0.1126889404296875
0.1120103271484375
0.11141494140625
0.11083291015625
0.11039248046875
0.1099257568359375
0.109513818359375
0.109081591796875
0.108774755859375
0.1084650146484375
0.10815078125
0.1079040283203125
0.10768251953125
0.1074705322265625
0.107346630859375
0.107210400390625
0.1070839599609375
0.1070057373046875
0.10693125
0.1068540771484375
0.10679892578125
0.1068076416015625
0.1067936767578125
0.1068076416015625
0.10679892578125
0.1068540771484375
0.10693125
0.1070057373046875
0.1070839599609375
0.107210400390625
0.107346630859375
0.1074705322265625
0.10768251953125
0.1079040283203125
0.10815078125
0.1084650146484375
0.108774755859375
0.109081591796875
0.109513818359375
0.1099257568359375
0.11039248046875
0.11083291015625
0.11141494140625
0.1120103271484375
0.1126889404296875
0.11344404296875
0.1142597900390625
0.11514365234375
0.11602265625
0.11692822265625
0.118051953125
0.11918671875
0.1204765380859375
0.121872216796875
0.1234241455078125
0.1249914306640625
0.1267354736328125
0.128592919921875
0.130500244140625
0.1326265869140625
0.1349739990234375
0.137414404296875
0.1401757080078125
0.143174365234375
0.14637255859375
0.1498503662109375
0.153753759765625
0.158005908203125
0.16279287109375
0.1679576171875
0.1737210205078125
0.1802213623046875
0.18747919921875
0.1956614501953125
0.204846923828125
0.2152792236328125
0.22731455078125
0.2412905029296875
0.2577426513671875
0.2773074951171875
0.3009974609375
0.330461376953125
0.36857744140625
0.4209033203125
0.5005498046875
0.6457589599609375

2.4135802469135803
1.0
0.614583837890625
0.4541119873046875
0.366146923828125
0.3087584716796875
0.2674871337890625
0.236116357421875
0.2113810302734375
0.191345751953125
0.1748602294921875
0.161110546875
0.149451416015625
0.1396222412109375
0.131293603515625
0.1240837890625
0.1177966064453125
0.112228369140625
0.1073687255859375
0.103175244140625
0.09953251953125
0.0962437744140625
0.09344951171875
0.0909714111328125
0.0887593017578125
0.0867883056640625
0.0849051513671875
0.0833039306640625
0.0819519775390625
0.0808410400390625
0.079797900390625
0.078934716796875
0.0781164306640625
0.0773509033203125
0.0765911376953125
0.075884326171875
0.0753328125
0.07490888671875
0.074511474609375
0.0741264404296875
0.0737992919921875
0.073463916015625
0.073208837890625
0.07293583984375
0.072637548828125
0.072379638671875
0.072156591796875
0.0719031494140625
0.0716564208984375
0.0715291748046875
0.0713733642578125
0.071205419921875
0.0710517578125
0.070816259765625
0.0707117919921875
0.07069248046875
0.07060341796875
0.07047734375
0.0703278564453125
0.070181787109375
0.0700586181640625
0.0699652099609375
0.0700365966796875
0.0699766357421875
0.0700283447265625
0.07009091796875
0.0700283447265625
0.0699766357421875
0.0700365966796875
0.0699652099609375
0.0700586181640625
0.070181787109375
0.0703278564453125
0.07047734375
0.07060341796875
0.07069248046875
0.0707117919921875
0.070816259765625
0.0710517578125
0.071205419921875
0.0713733642578125
0.0715291748046875
0.0716564208984375
0.0719031494140625
0.072156591796875
0.072379638671875
0.072637548828125
0.07293583984375
0.073208837890625
0.073463916015625
0.0737992919921875
0.0741264404296875
0.074511474609375
0.07490888671875
0.0753328125
0.075884326171875
0.0765911376953125
0.0773509033203125
0.0781164306640625
0.078934716796875
0.079797900390625
0.0808410400390625
0.0819519775390625
0.0833039306640625
0.0849051513671875
0.0867883056640625
0.0887593017578125
0.0909714111328125
0.09344951171875
0.0962437744140625
0.09953251953125
0.103175244140625
0.1073687255859375
0.112228369140625
0.1177966064453125
0.1240837890625
0.131293603515625
0.1396222412109375
0.149451416015625
0.161110546875
0.1748602294921875
0.191345751953125
0.2113810302734375
0.236116357421875
0.2674871337890625
0.3087584716796875
0.366146923828125
0.4541119873046875
0.614583837890625

2.462962962962963
1.0
0.5883673095703125
0.41651669921875
0.323221728515625
0.2634114013671875
0.221200390625
0.1899629638671875
0.1658567626953125
0.1469220703125
0.1318093017578125
0.11951025390625
0.109298193359375
0.10076279296875
0.093619287109375
0.0876504150390625
0.0826748291015625
0.078559423828125
0.0750501220703125
0.0720902099609375
0.0695068115234375
0.067242333984375
0.0652608642578125
0.063574658203125
0.06219443359375
0.0609737060546875
0.05997744140625
0.059068115234375
0.0582116943359375
0.0573843994140625
0.0567697265625
0.0561884521484375
0.0557480712890625
0.0553397705078125
0.0549813720703125
0.0546437255859375
0.0543306884765625
0.05413759765625
0.05393388671875
0.0536933837890625
0.053536572265625
0.0534104248046875
0.053348779296875
0.053288427734375
0.0532815673828125
0.0532640625
0.053227001953125
0.053129931640625
0.0529987548828125
0.052945947265625
0.0528468017578125
0.0528310546875
0.0527809326171875
0.052680712890625
0.0526642333984375
0.0527072021484375
0.0526734375
0.0526962646484375
0.05265
0.0526134765625
0.052614697265625
0.0525956787109375
0.0525696044921875
0.0525337646484375
0.052452099609375
0.05240498046875
0.052452099609375
0.0525337646484375
0.0525696044921875
0.0525956787109375
0.052614697265625
0.0526134765625
0.05265
0.0526962646484375
0.0526734375
0.0527072021484375
0.0526642333984375
0.052680712890625
0.0527809326171875
0.0528310546875
0.0528468017578125
0.052945947265625
0.0529987548828125
0.053129931640625
0.053227001953125
0.0532640625
0.0532815673828125
0.053288427734375
0.053348779296875
0.0534104248046875
0.053536572265625
0.0536933837890625
0.05393388671875
0.05413759765625
0.0543306884765625
0.0546437255859375
0.0549813720703125
0.0553397705078125
0.0557480712890625
0.0561884521484375
0.0567697265625
0.0573843994140625
0.0582116943359375
0.059068115234375
0.05997744140625
0.0609737060546875
0.06219443359375
0.063574658203125
0.0652608642578125
0.067242333984375
0.0695068115234375
0.0720902099609375
0.0750501220703125
0.078559423828125
0.0826748291015625
0.0876504150390625
0.093619287109375
0.10076279296875
0.109298193359375
0.11951025390625
0.1318093017578125
0.1469220703125
0.1658567626953125
0.1899629638671875
0.221200390625
0.2634114013671875
0.323221728515625
0.41651669921875
0.5883673095703125

2.5123456790123457
1.0
0.56528759765625
0.3845939208984375
0.2880865478515625
0.2274501708984375
0.185644775390625
0.1554802978515625
0.132838720703125
0.1155502685546875
0.1019177734375
0.091181982421875
0.0826397216796875
0.0757980224609375
0.0701978515625
0.0656470458984375
0.0619409423828125
0.058818359375
0.0562552490234375
0.053981982421875
0.0522390625
0.05081201171875
0.049626171875
0.0485712646484375
0.0478623291015625
0.047132666015625
0.0464841064453125
0.046046142578125
0.045603955078125
0.0452349853515625
0.04486494140625
0.0446686279296875
0.044478173828125
0.044241015625
0.0440376708984375
0.0438786865234375
0.0437220703125
0.043634130859375
0.04359111328125
0.0436630126953125
0.0437405029296875
0.0436700439453125
0.043631103515625
0.0436132568359375
0.0435327880859375
0.0435076416015625
0.0432897705078125
0.0431556640625
0.04309248046875
0.043046484375
0.043019580078125
0.0429827880859375
0.0430072265625
0.0430199951171875
0.0430035888671875
0.0430389404296875
0.043171875
0.0432555908203125
0.0431343017578125
0.0431552734375
0.04312646484375
0.043189208984375
0.0431397705078125
0.0431205078125
0.0431459716796875
0.0431806884765625
0.0431459716796875
0.0431205078125
0.0431397705078125
0.043189208984375
0.04312646484375
0.0431552734375
0.0431343017578125
0.0432555908203125
0.043171875
0.0430389404296875
0.0430035888671875
0.0430199951171875
0.0430072265625
0.0429827880859375
0.043019580078125
0.043046484375
0.04309248046875
0.0431556640625
0.0432897705078125
0.0435076416015625
0.0435327880859375
0.0436132568359375
0.043631103515625
0.0436700439453125
0.0437405029296875
0.0436630126953125
0.04359111328125
0.043634130859375
0.0437220703125
0.0438786865234375
0.0440376708984375
0.044241015625
0.044478173828125
0.0446686279296875
0.04486494140625
0.0452349853515625
0.045603955078125
0.046046142578125
0.0464841064453125
0.047132666015625
0.0478623291015625
0.0485712646484375
0.049626171875
0.05081201171875
0.0522390625
0.053981982421875
0.0562552490234375
0.058818359375
0.0619409423828125
0.0656470458984375
0.0701978515625
0.0757980224609375
0.0826397216796875
0.091181982421875
0.1019177734375
0.1155502685546875
0.132838720703125
0.1554802978515625
0.185644775390625
0.2274501708984375
0.2880865478515625
0.3845939208984375
0.56528759765625

2.5617283950617287
1.0
0.54470869140625
0.3570773681640625
0.2585465576171875
0.19808330078125
0.1575498779296875
0.128925048828125
0.1079902099609375
0.09241240234375
0.0805428955078125
0.0714519287109375
0.064367529296875
0.0588882080078125
0.0545809326171875
0.0510931640625
0.0483621337890625
0.0462026123046875
0.044417626953125
0.0429781494140625
0.041812744140625
0.0408062255859375
0.0400201904296875
0.03936044921875
0.03883056640625
0.038475341796875
0.0381664306640625
0.0379909912109375
0.0378360595703125
0.0376673828125
0.037535693359375
0.037472998046875
0.037307666015625
0.0372638427734375
0.0372726318359375
0.0372312255859375
0.0371315673828125
0.037129345703125
0.037057275390625
0.0370790771484375
0.037151708984375
0.037193115234375
0.0370203125
0.0369076171875
0.0368768798828125
0.0370013427734375
0.03709384765625
0.037017333984375
0.0370363037109375
0.0369498046875
0.036927197265625
0.0369228515625
0.0370618408203125
0.037195556640625
0.0371822998046875
0.0372328369140625
0.037262646484375
0.0372434814453125
0.0371468017578125
0.0370507568359375
0.0369384521484375
0.0368408203125
0.0367669677734375
0.0368223876953125
0.0368901611328125
0.0369494873046875
0.0368901611328125
0.0368223876953125
0.0367669677734375
0.0368408203125
0.0369384521484375
0.0370507568359375
0.0371468017578125
0.0372434814453125
0.037262646484375
0.0372328369140625
0.0371822998046875
0.037195556640625
0.0370618408203125
0.0369228515625
0.036927197265625
0.0369498046875
0.0370363037109375
0.037017333984375
0.03709384765625
0.0370013427734375
0.0368768798828125
0.0369076171875
0.0370203125
0.037193115234375
0.037151708984375
0.0370790771484375
0.037057275390625
0.037129345703125
0.0371315673828125
0.0372312255859375
0.0372726318359375
0.0372638427734375
0.037307666015625
0.037472998046875
0.037535693359375
0.0376673828125
0.0378360595703125
0.0379909912109375
0.0381664306640625
0.038475341796875
0.03883056640625
0.03936044921875
0.0400201904296875
0.0408062255859375
0.041812744140625
0.0429781494140625
0.044417626953125
0.0462026123046875
0.0483621337890625
0.0510931640625
0.0545809326171875
0.0588882080078125
0.064367529296875
0.0714519287109375
0.0805428955078125
0.09241240234375
0.1079902099609375
0.128925048828125
0.1575498779296875
0.19808330078125
0.2585465576171875
0.3570773681640625
0.54470869140625

2.611111111111111
1.0
0.5258965576171875
0.3326894775390625
0.23306015625
0.1734233642578125
0.1343658203125
0.1076494873046875
0.0887606689453125
0.074963818359375
0.0648685546875
0.05736171875
0.05163125
0.0472531494140625
0.0439254638671875
0.0413336669921875
0.03922802734375
0.037685693359375
0.0365233642578125
0.0356428466796875
0.034839697265625
0.034218212890625
0.03378720703125
0.0334164794921875
0.033144970703125
0.03292724609375
0.0327126953125
0.03258525390625
0.03247978515625
0.0323866455078125
0.0323334228515625
0.0323224609375
0.03242685546875
0.032527978515625
0.0325262451171875
0.0324616943359375
0.03246748046875
0.0324628662109375
0.032480224609375
0.0325080810546875
0.0325619140625
0.0325531494140625
0.0325085693359375
0.03247431640625
0.03246650390625
0.03249130859375
0.032417236328125
0.032498876953125
0.03251494140625
0.0325078125
0.0324520751953125
0.03240380859375
0.032360107421875
0.032258837890625
0.0322004638671875
0.032123095703125
0.0322201904296875
0.0322344970703125
0.032230712890625
0.03221015625
0.0322142822265625
0.0322031982421875
0.0320890625
0.03208408203125
0.03203857421875
0.03184619140625
0.03203857421875
0.03208408203125
0.0320890625
0.0322031982421875
0.0322142822265625
0.03221015625
0.032230712890625
0.0322344970703125
0.0322201904296875
0.032123095703125
0.0322004638671875
0.032258837890625
0.032360107421875
0.03240380859375
0.0324520751953125
0.0325078125
0.03251494140625
0.032498876953125
0.032417236328125
0.03249130859375
0.03246650390625
0.03247431640625
0.0325085693359375
0.0325531494140625
0.0325619140625
0.0325080810546875
0.032480224609375
0.0324628662109375
0.03246748046875
0.0324616943359375
0.0325262451171875
0.032527978515625
0.03242685546875
0.0323224609375
0.0323334228515625
0.0323866455078125
0.03247978515625
0.03258525390625
0.0327126953125
0.03292724609375
0.033144970703125
0.0334164794921875
0.03378720703125
0.034218212890625
0.034839697265625
0.0356428466796875
0.0365233642578125
0.037685693359375
0.03922802734375
0.0413336669921875
0.0439254638671875
0.0472531494140625
0.05163125
0.05736171875
0.0648685546875
0.074963818359375
0.0887606689453125
0.1076494873046875
0.1343658203125
0.1734233642578125
0.23306015625
0.3326894775390625
0.5258965576171875


